,seasonal_indices,seasonal_indices_change,seasonal_indices_percent
1,-48.42,,
2,-51.76,-3.34,6.89
3,2.53,54.29,104.89
4,-9.33,-11.86,468.83
5,19.59,28.93,309.9
6,6.82,-12.77,65.2
7,5.36,-1.46,21.45
8,14.77,9.41,175.69
9,-18.41,-33.18,224.7
10,-4.73,13.68,74.29
11,3.21,7.94,167.78
12,80.39,77.18,2405.86
